
### 注释 
 tttt  =  999.888

MinPitch = 75
TimeStep = 0.0 
MinSilence = 0.3 
ThresholdCoef = 0.33 
ChannelIdx = 0   
BeginPad = 0.3333333 
EndPad = 0.333333333 



